-1385.22 11.3134 0 -396.539 -306.143 0 99.3627 99.5256 100 1
-137892 -148171 0 -222.25 -323.762 0 99.7232 99.5222 100 1
-857592 148160 0 41.944 -813.752 0 99.8914 99.7012 100 1
153464 151382 0 -293.287 323.163 0 99.6262 100.876 100 1
-153444 -151286 0 -661.549 820.752 0 99.4522 100.704 100 1
-20.2762 -95.3547 0 -398.582 299.741 0 99.3611 100.271 100 1
137892 -148171 0 222.25 -323.762 0 100.277 99.5222 100 1
1385.22 11.3134 0 396.539 -306.143 0 100.637 99.5256 100 1
857592 148160 0 -41.944 -813.752 0 100.109 99.7012 100 1
-153464 151382 0 293.287 323.163 0 100.374 100.876 100 1
153444 -151286 0 661.549 820.752 0 100.548 100.704 100 1
20.2762 -95.3547 0 398.582 299.741 0 100.639 100.271 100 1
